-10 0 15
-9 0 15
-8 0 15
-7 0 15
-6 0 15
-5 0 15
-4 0 15
-3 0 15
-2 0 15
-1 0 15
0 0 7
1 0.166667 6
2 2.04167 5
3 2.04167 5
4 2.04167 5
5 2.04167 5
6 7.775 4
7 7.775 4
8 7.775 4
9 7.775 4
10 7.775 4
11 17.9881 3
12 17.9881 3
13 17.9881 3
14 17.9881 3
15 17.9881 3
16 17.9881 3
17 17.9881 3
18 17.9881 3
19 17.9881 3
20 17.9881 3
21 17.9881 3
22 17.9881 3
23 17.9881 3
24 17.9881 3
25 17.9881 3
26 17.9881 3
27 17.9881 3
28 17.9881 3
29 17.9881 3
30 17.9881 3
31 17.9881 3
32 17.9881 3
33 17.9881 3
34 17.9881 3
35 17.9881 3
36 17.9881 3
37 17.9881 3
38 17.9881 3
39 17.9881 3
40 17.9881 3
41 17.9881 3
42 17.9881 3
43 17.9881 3
44 17.9881 3
45 17.9881 3
46 17.9881 3
47 17.9881 3
48 17.9881 3
49 17.9881 3
50 17.9881 3
51 17.9881 3
52 17.9881 3
53 17.9881 3
54 17.9881 3
55 17.9881 3
56 17.9881 3
57 17.9881 3
58 17.9881 3
59 17.9881 3
60 17.9881 3
61 17.9881 3
62 17.9881 3
63 17.9881 3
64 17.9881 3
65 17.9881 3
66 17.9881 3
67 17.9881 3
68 17.9881 3
69 17.9881 3
70 17.9881 3
71 17.9881 3
72 17.9881 3
73 17.9881 3
74 17.9881 3
75 17.9881 3
76 17.9881 3
77 17.9881 3
78 17.9881 3
79 17.9881 3
80 17.9881 3
81 17.9881 3
82 17.9881 3
83 17.9881 3
84 17.9881 3
85 17.9881 3
86 17.9881 3
87 17.9881 3
88 17.9881 3
89 17.9881 3
90 17.9881 3
91 17.9881 3
92 17.9881 3
93 17.9881 3
94 17.9881 3
95 17.9881 3
96 17.9881 3
97 17.9881 3
98 17.9881 3
99 17.9881 3
100 17.9881 3
